Time (ms), Acce_X, Acce_Y, Acce_Z, Gyro_X, Gyro_Y, Gyro_Z
0.00,-0.29,0.56,-0.27,0.73,0.41
1.00,-0.29,0.56,-0.73,1.21,0.31
2.00,-0.29,0.55,-1.47,1.74,0.00
3.00,-0.30,0.57,-1.11,1.60,-0.11
4.00,-0.29,0.56,0.03,0.69,0.21
5.00,-0.29,0.55,1.36,-0.13,0.33
6.00,-0.29,0.55,1.47,0.36,0.53
7.00,-0.29,0.56,1.65,0.01,0.24
8.00,-0.29,0.57,1.38,-0.40,0.23
9.00,-0.29,0.56,0.34,-0.27,-0.14
10.00,-0.29,0.56,-0.41,0.28,0.01
11.00,-0.29,0.55,-0.71,1.08,-0.08
12.00,-0.28,0.56,-0.80,1.27,-0.17
13.00,-0.29,0.56,-0.38,1.01,-0.43
14.00,-0.28,0.55,-0.53,0.65,-0.77
15.00,-0.28,0.56,-1.09,0.40,-1.09
16.00,-0.29,0.56,-1.27,0.44,-0.98
17.00,-0.29,0.55,-1.01,0.82,-0.82
18.00,-0.29,0.56,-0.66,0.98,-0.82
19.00,-0.29,0.56,-0.51,1.10,-0.63
20.00,-0.30,0.55,-0.73,1.37,-0.40
21.00,-0.29,0.56,-1.37,1.47,-0.56
22.00,-0.30,0.57,-1.69,1.81,-0.89
23.00,-0.30,0.57,-1.47,1.69,-1.13
24.00,-0.29,0.57,-1.06,0.37,-1.06
25.00,-0.29,0.57,-1.24,-0.63,-1.34
26.00,-0.29,0.56,-2.04,-0.85,-1.32
27.00,-0.30,0.56,-2.84,-0.88,-1.25
28.00,-0.29,0.55,-2.95,-0.56,-1.56
29.00,-0.29,0.55,-3.41,-0.46,-1.81
30.00,-0.29,0.56,-3.88,-0.57,-1.98
31.00,-0.29,0.57,-4.85,-1.30,-1.97
32.00,-0.29,0.56,-5.46,-1.44,-1.97
33.00,-0.29,0.56,-5.99,-1.58,-1.72
34.00,-0.29,0.55,-5.79,-1.15,-1.61
35.00,-0.29,0.56,-6.05,-1.14,-1.49
36.00,-0.29,0.55,-7.01,-0.98,-1.50
37.00,-0.30,0.55,-9.03,-1.31,-2.02
38.00,-0.29,0.56,-10.94,-1.47,-2.80
39.00,-0.29,0.55,-12.32,-1.91,-3.66
40.00,-0.29,0.54,-12.80,-1.69,-3.85
41.00,-0.28,0.56,-12.15,-1.74,-4.05
42.00,-0.29,0.54,-11.38,-1.42,-3.95
43.00,-0.29,0.55,-10.19,-0.31,-3.66
44.00,-0.29,0.54,-8.59,0.25,-3.71
45.00,-0.29,0.55,-6.82,-0.18,-4.23
46.00,-0.30,0.54,-5.98,-0.20,-4.63
47.00,-0.31,0.56,-7.31,0.77,-4.36
48.00,-0.32,0.56,-8.14,1.18,-3.69
49.00,-0.32,0.55,-8.11,0.46,-2.34
50.00,-0.32,0.55,-8.40,-0.45,-1.70
51.00,-0.30,0.55,-9.02,-1.79,-2.43
52.00,-0.30,0.55,-8.87,-2.24,-3.16
53.00,-0.29,0.54,-7.09,-2.08,-2.97
54.00,-0.29,0.55,-4.50,-1.18,-2.13
55.00,-0.29,0.55,-1.82,-0.02,-1.33
56.00,-0.29,0.55,-0.50,1.30,-0.81
57.00,-0.29,0.55,-0.30,1.61,-0.50
58.00,-0.30,0.55,-0.76,1.52,-0.51
59.00,-0.30,0.54,-1.98,1.64,-0.44
60.00,-0.30,0.54,-2.70,1.80,-0.65
61.00,-0.30,0.55,-2.77,1.29,-0.56
62.00,-0.30,0.56,-2.95,1.22,-0.74
63.00,-0.30,0.54,-2.62,0.74,-1.19
64.00,-0.30,0.55,-2.15,0.85,-1.25
65.00,-0.30,0.55,-1.04,1.31,-0.96
66.00,-0.30,0.55,0.34,0.33,-0.50
67.00,-0.30,0.56,0.98,-0.37,0.03
68.00,-0.30,0.54,0.48,-0.22,0.85
69.00,-0.30,0.54,-0.67,-0.24,1.15
70.00,-0.31,0.54,-2.00,-0.33,0.53
71.00,-0.30,0.54,-3.15,-0.22,0.02
72.00,-0.30,0.55,-3.73,-0.38,-0.13
73.00,-0.30,0.54,-3.76,-0.56,-0.64
74.00,-0.30,0.55,-3.44,-0.24,-1.20
75.00,-0.29,0.54,-2.89,-0.07,-1.27
76.00,-0.29,0.55,-1.93,0.66,-0.90
77.00,-0.30,0.55,-1.21,0.66,-0.30
78.00,-0.31,0.55,-1.18,0.53,0.25
79.00,-0.31,0.54,-1.70,0.26,0.63
80.00,-0.30,0.53,-2.50,-0.56,0.71
81.00,-0.30,0.53,-3.50,-0.80,0.98
82.00,-0.30,0.53,-0.66,-2.31,2.95
83.00,-0.31,0.53,7.94,-4.97,5.92
84.00,-0.31,0.54,15.98,-4.59,7.29
85.00,-0.31,0.55,21.89,-0.82,9.16
86.00,-0.27,0.56,19.95,0.39,5.63
87.00,-0.21,0.52,12.57,-0.07,-3.66
88.00,-0.22,0.50,-0.34,0.27,-12.21
89.00,-0.24,0.52,-13.07,-0.96,-15.39
90.00,-0.29,0.58,-23.08,-0.07,-17.36
91.00,-0.30,0.59,-22.83,-3.72,-16.92
92.00,-0.30,0.57,-18.38,-7.31,-17.34
93.00,-0.28,0.53,-12.48,-5.52,-17.92
94.00,-0.26,0.52,-9.28,-0.50,-18.33
95.00,-0.27,0.54,-9.53,3.63,-18.83
96.00,-0.28,0.54,-8.63,4.46,-18.93
97.00,-0.29,0.54,-8.17,2.68,-18.60
98.00,-0.30,0.53,-9.40,1.52,-18.27
99.00,-0.32,0.55,-10.99,1.14,-15.63
100.00,-0.34,0.56,-9.89,0.84,-8.97
101.00,-0.35,0.56,-6.15,-0.54,-3.21
102.00,-0.34,0.55,-4.04,-2.23,-1.21
103.00,-0.30,0.53,-3.85,-2.89,-2.12
104.00,-0.28,0.52,-3.76,-2.78,-3.08
105.00,-0.28,0.53,-4.58,-1.77,-2.88
106.00,-0.27,0.54,-3.95,-1.38,-1.85
107.00,-0.27,0.55,-3.66,-1.50,-1.27
108.00,-0.28,0.55,-4.44,-1.70,-1.81
109.00,-0.28,0.53,-4.12,-1.59,-1.55
110.00,-0.28,0.54,-3.74,-0.90,-1.55
111.00,-0.28,0.54,-2.97,-0.03,-1.56
112.00,-0.29,0.54,-1.74,0.89,-0.28
113.00,-0.30,0.53,0.56,1.72,2.12
114.00,-0.30,0.53,3.36,1.60,3.63
115.00,-0.29,0.53,4.60,2.35,3.79
116.00,-0.29,0.54,5.59,2.69,3.98
117.00,-0.29,0.54,7.28,2.68,4.53
118.00,-0.28,0.55,7.66,2.69,5.40
119.00,-0.28,0.54,7.28,2.11,5.67
120.00,-0.27,0.53,6.38,1.64,4.82
121.00,-0.26,0.54,5.27,1.31,3.58
122.00,-0.27,0.54,4.66,1.66,2.67
123.00,-0.27,0.54,5.90,2.21,2.83
124.00,-0.29,0.54,8.03,2.60,3.45
125.00,-0.30,0.55,8.75,2.05,3.80
126.00,-0.28,0.55,7.18,1.69,3.36
127.00,-0.28,0.54,4.98,1.07,2.65
128.00,-0.28,0.54,3.40,0.95,2.53
129.00,-0.28,0.54,3.70,0.92,3.04
130.00,-0.28,0.54,4.15,1.44,3.33
131.00,-0.29,0.55,4.34,2.21,3.18
132.00,-0.29,0.54,4.54,2.67,3.04
133.00,-0.29,0.55,6.20,2.71,3.98
134.00,-0.29,0.54,8.08,2.63,5.58
135.00,-0.29,0.54,9.99,2.85,6.26
136.00,-0.28,0.55,10.18,2.79,6.05
137.00,-0.28,0.55,9.31,3.15,5.87
138.00,-0.28,0.55,8.21,3.34,6.32
139.00,-0.28,0.56,7.92,2.51,7.08
140.00,-0.27,0.56,7.63,2.06,7.18
141.00,-0.27,0.55,6.38,2.30,6.49
142.00,-0.26,0.55,5.57,2.78,6.02
143.00,-0.28,0.56,6.69,1.99,6.18
144.00,-0.27,0.56,8.35,1.79,6.90
145.00,-0.27,0.57,8.28,3.06,7.11
146.00,-0.27,0.56,5.76,4.10,5.36
147.00,-0.27,0.56,2.63,3.44,3.17
148.00,-0.27,0.57,-0.71,2.18,1.74
149.00,-0.28,0.58,-3.10,0.19,1.58
150.00,-0.29,0.57,-3.15,-2.37,2.29
151.00,-0.29,0.56,-2.76,-4.31,3.27
152.00,-0.29,0.55,-2.34,-4.88,3.12
153.00,-0.28,0.55,-2.46,-5.05,2.21
154.00,-0.28,0.54,-3.17,-3.53,0.62
155.00,-0.29,0.54,-4.60,-2.83,-0.54
156.00,-0.29,0.55,-4.89,-1.96,-0.56
157.00,-0.28,0.55,-3.84,-1.12,-0.34
158.00,-0.28,0.55,-1.98,-0.49,0.79
159.00,-0.28,0.54,0.51,-0.02,1.99
160.00,-0.27,0.54,0.92,0.43,1.92
161.00,-0.28,0.54,0.21,0.59,0.90
162.00,-0.28,0.54,-0.13,0.27,0.23
163.00,-0.29,0.56,-0.26,0.00,0.15
164.00,-0.29,0.55,1.10,0.03,0.98
165.00,-0.29,0.54,2.71,-0.38,2.09
166.00,-0.29,0.54,3.57,-0.01,2.46
167.00,-0.29,0.55,4.40,0.44,2.71
168.00,-0.29,0.55,4.60,-0.78,3.01
169.00,-0.29,0.55,4.24,0.79,3.04
170.00,-0.28,0.56,4.34,0.62,3.16
171.00,-0.28,0.55,3.75,-0.74,2.80
172.00,-0.28,0.55,2.08,-0.94,1.53
173.00,-0.27,0.55,-0.95,-0.73,-0.13
174.00,-0.28,0.55,-2.12,-0.37,-0.73
175.00,-0.27,0.56,-2.66,0.80,-1.32
176.00,-0.28,0.55,-3.02,2.54,-1.44
177.00,-0.29,0.56,-1.98,3.44,-0.92
178.00,-0.28,0.56,-0.11,3.73,-0.08
179.00,-0.29,0.55,0.78,3.92,0.40
180.00,-0.29,0.55,0.61,2.71,0.28
181.00,-0.29,0.56,-0.36,1.82,-0.40
182.00,-0.29,0.56,-1.64,1.00,-0.97
183.00,-0.29,0.56,-2.67,0.60,-1.38
184.00,-0.29,0.56,-2.53,0.18,-1.38
185.00,-0.29,0.56,-2.35,-0.60,-1.21
186.00,-0.28,0.56,-2.18,-1.08,-1.32
187.00,-0.28,0.56,-2.07,-1.12,-0.91
188.00,-0.28,0.55,-1.56,-0.80,-0.44
189.00,-0.28,0.56,-2.27,-0.06,-0.96
190.00,-0.28,0.55,-3.37,0.91,-1.79
191.00,-0.28,0.54,-3.73,1.01,-2.15
192.00,-0.28,0.55,-3.60,0.90,-2.09
193.00,-0.29,0.57,-2.90,0.55,-1.65
194.00,-0.28,0.56,-2.05,0.16,-0.93
195.00,-0.29,0.56,-1.36,0.58,-0.33
196.00,-0.29,0.56,-0.89,0.60,-0.55
197.00,-0.29,0.55,-1.03,0.82,-0.49
198.00,-0.28,0.56,-1.04,0.78,-0.51
199.00,-0.28,0.55,-1.03,1.11,-0.34
200.00,-0.28,0.55,-0.97,1.57,-0.42
201.00,-0.28,0.55,-0.49,0.95,-0.37
202.00,-0.28,0.55,-0.73,0.29,-0.65
203.00,-0.29,0.54,-1.37,0.22,-0.84
204.00,-0.28,0.56,-1.69,0.11,-1.19
205.00,-0.28,0.56,-2.10,0.08,-1.60
206.00,-0.28,0.56,-2.27,0.60,-1.32
207.00,-0.29,0.57,-2.51,1.31,-0.76
208.00,-0.28,0.55,-2.79,1.34,-0.46
209.00,-0.28,0.56,-3.33,0.87,-0.55
210.00,-0.28,0.55,-2.98,0.38,-0.68
211.00,-0.29,0.56,-2.56,-0.10,-1.02
212.00,-0.29,0.56,-1.28,-0.29,-1.11
213.00,-0.29,0.56,-0.06,-0.37,-1.08
214.00,-0.29,0.55,0.27,-0.08,-0.73
215.00,-0.28,0.55,-0.38,-0.02,-0.82
216.00,-0.28,0.55,-0.84,-0.13,-0.92
217.00,-0.29,0.56,-1.14,0.11,-1.02
218.00,-0.28,0.56,-0.90,0.43,-1.24
219.00,-0.29,0.55,-0.54,0.64,-1.09
220.00,-0.30,0.55,-0.76,0.83,-1.06
221.00,-0.29,0.56,-1.27,0.55,-0.49
222.00,-0.28,0.56,-1.45,0.44,0.09
223.00,-0.28,0.56,-1.53,0.22,-0.05
224.00,-0.28,0.54,-2.28,0.75,-0.04
225.00,-0.28,0.55,-2.98,1.77,-0.47
226.00,-0.27,0.55,-3.47,2.02,-1.11
227.00,-0.27,0.55,-2.93,1.98,-1.16
228.00,-0.28,0.55,-1.92,1.66,-0.78
229.00,-0.28,0.55,-1.21,2.06,-0.64
230.00,-0.29,0.56,-0.33,1.53,-0.55
231.00,-0.28,0.55,0.08,0.60,-0.66
232.00,-0.28,0.55,-0.78,0.02,-0.63
233.00,-0.28,0.56,-1.82,0.10,-0.48
234.00,-0.29,0.56,-1.85,0.45,-0.40
235.00,-0.28,0.56,-1.97,0.69,-0.31
236.00,-0.28,0.55,-2.11,1.17,-0.45
237.00,-0.28,0.56,-1.73,1.23,-0.30
238.00,-0.29,0.56,-1.69,0.79,-0.23
239.00,-0.28,0.56,-0.96,0.21,-0.10
240.00,-0.29,0.56,-0.62,-0.01,0.02
241.00,-0.28,0.56,-0.95,-0.10,0.40
242.00,-0.28,0.56,-1.60,0.28,0.31
243.00,-0.28,0.56,-2.60,0.64,-0.05
244.00,-0.28,0.56,-3.19,1.46,-0.26
245.00,-0.29,0.56,-3.15,1.08,-0.24
246.00,-0.29,0.55,-2.20,0.82,-0.17
247.00,-0.28,0.56,-1.44,0.11,0.18
248.00,-0.29,0.57,-1.24,-0.39,0.49
249.00,-0.29,0.55,-0.92,-0.31,0.86
250.00,-0.29,0.54,-1.24,-0.10,0.24
251.00,-0.29,0.55,-1.35,-0.06,0.23
252.00,-0.29,0.56,-0.84,-0.27,0.27
253.00,-0.29,0.55,-1.05,-0.26,0.26
254.00,-0.29,0.55,-1.60,0.24,-0.07
255.00,-0.28,0.55,-2.42,0.56,-0.42
256.00,-0.28,0.56,-2.31,0.23,-1.11
257.00,-0.28,0.55,-2.80,0.01,-1.60
258.00,-0.28,0.56,-2.79,0.43,-1.79
259.00,-0.29,0.55,-2.74,0.78,-1.46
260.00,-0.29,0.55,-2.06,0.91,-0.92
261.00,-0.29,0.55,-1.92,0.91,-0.50
262.00,-0.29,0.56,-2.33,1.10,-0.69
263.00,-0.28,0.56,-2.35,0.99,-1.15
264.00,-0.29,0.56,-1.33,0.05,-1.26
265.00,-0.29,0.55,-0.49,-0.60,-1.31
266.00,-0.28,0.55,-0.02,-1.35,-1.48
267.00,-0.29,0.55,-0.10,-1.49,-1.39
268.00,-0.28,0.55,-0.07,-1.21,-1.02
269.00,-0.29,0.56,-0.68,-0.95,-1.27
270.00,-0.29,0.55,-1.75,-0.92,-1.73
271.00,-0.28,0.55,-2.42,-0.79,-2.17
272.00,-0.28,0.56,-2.64,-1.15,-2.02
273.00,-0.28,0.55,-2.34,-1.66,-1.59
274.00,-0.29,0.55,-2.15,-1.95,-1.17
275.00,-0.29,0.56,-2.09,-1.67,-1.11
276.00,-0.28,0.55,-2.20,-1.09,-1.30
277.00,-0.28,0.55,-1.50,-0.19,-1.12
278.00,-0.29,0.54,-0.82,0.24,-0.85
279.00,-0.28,0.54,-0.63,0.31,-0.59
280.00,-0.29,0.56,-0.82,0.65,-0.63
281.00,-0.29,0.56,-0.71,0.27,-0.60
282.00,-0.28,0.56,-0.65,0.04,-0.81
283.00,-0.28,0.55,-1.18,-0.30,-1.29
284.00,-0.28,0.56,-1.29,-0.05,-0.93
285.00,-0.28,0.54,-0.87,0.62,-0.73
286.00,-0.28,0.55,-0.49,1.22,-0.40
287.00,-0.29,0.55,0.22,1.34,-0.24
288.00,-0.28,0.56,0.55,1.02,-0.50
289.00,-0.29,0.55,0.27,0.80,-0.35
290.00,-0.29,0.55,-0.44,0.91,-0.79
291.00,-0.29,0.55,-0.75,0.76,-0.85
292.00,-0.29,0.54,-1.01,0.40,-0.53
293.00,-0.29,0.56,-1.67,-0.30,-0.34
294.00,-0.28,0.55,-2.34,0.22,-0.35
295.00,-0.28,0.55,-2.02,0.50,-0.63
296.00,-0.28,0.55,-0.70,0.67,-0.74
297.00,-0.29,0.54,0.39,0.82,-0.60
298.00,-0.29,0.55,0.55,0.60,-0.51
299.00,-0.30,0.55,0.39,0.27,-0.34
300.00,-0.29,0.55,-0.01,-0.37,-0.12
301.00,-0.28,0.55,-1.09,-0.44,-0.58
302.00,-0.27,0.56,-2.51,0.10,-1.13
303.00,-0.27,0.56,-2.59,0.83,-1.05
304.00,-0.27,0.55,-2.21,1.12,-1.04
305.00,-0.27,0.55,-0.99,1.25,-1.11
306.00,-0.28,0.55,0.18,1.47,-1.21
307.00,-0.29,0.56,0.61,1.66,-1.34
308.00,-0.29,0.56,0.97,1.66,-0.99
309.00,-0.29,0.56,0.31,1.16,-0.87
310.00,-0.28,0.56,-0.81,0.60,-1.03
311.00,-0.28,0.55,-1.84,0.44,-1.34
312.00,-0.28,0.56,-1.95,-0.55,-1.58
313.00,-0.27,0.57,-1.50,-1.47,-1.52
314.00,-0.28,0.55,-1.60,-1.39,-1.22
315.00,-0.28,0.56,-1.11,-0.56,-0.91
316.00,-0.28,0.56,-0.49,0.40,-0.73
317.00,-0.28,0.56,0.37,0.73,-0.60
318.00,-0.29,0.56,0.24,0.72,-1.14
319.00,-0.28,0.55,-0.73,0.08,-1.19
320.00,-0.28,0.55,-1.98,-0.44,-1.18
321.00,-0.28,0.56,-2.82,-0.10,-1.15
322.00,-0.28,0.56,-2.97,-0.11,-1.01
323.00,-0.28,0.55,-2.26,-0.11,-0.79
324.00,-0.27,0.56,-1.50,0.01,-0.67
325.00,-0.29,0.55,-0.67,0.79,-0.56
326.00,-0.28,0.55,-0.34,0.95,-0.60
327.00,-0.29,0.55,-0.05,0.60,-0.61
328.00,-0.28,0.55,0.20,-0.05,-0.53
329.00,-0.28,0.56,0.44,-0.59,-0.12
330.00,-0.29,0.55,0.52,-0.73,0.14
331.00,-0.28,0.55,-0.37,-0.11,0.03
332.00,-0.28,0.56,-1.69,0.07,-0.62
333.00,-0.28,0.53,-2.73,-0.17,-1.20
334.00,-0.27,0.55,-2.74,-0.60,-1.29
335.00,-0.28,0.56,-2.34,-0.79,-1.33
336.00,-0.28,0.56,-1.62,-1.25,-1.34
337.00,-0.28,0.55,-0.69,-1.37,-0.79
338.00,-0.28,0.55,-0.06,-0.74,-0.62
339.00,-0.28,0.55,0.06,0.06,-1.02
340.00,-0.28,0.54,0.18,0.36,-1.13
341.00,-0.28,0.55,0.04,0.58,-1.27
342.00,-0.28,0.55,-0.02,0.21,-1.09
343.00,-0.28,0.55,-0.21,0.27,-1.03
344.00,-0.28,0.56,-0.93,0.42,-1.22
345.00,-0.28,0.56,-1.48,1.09,-1.14
346.00,-0.28,0.55,-1.90,1.51,-1.46
347.00,-0.28,0.54,-1.75,0.56,-1.47
348.00,-0.28,0.56,-1.66,-0.23,-1.19
349.00,-0.28,0.55,-1.53,-0.72,-1.03
350.00,-0.28,0.56,-1.37,-1.06,-0.67
351.00,-0.27,0.56,-1.35,-0.21,-0.81
352.00,-0.28,0.56,-0.99,0.54,-1.03
353.00,-0.28,0.55,-0.79,1.01,-0.50
354.00,-0.28,0.55,-0.44,0.76,-0.34
355.00,-0.28,0.56,-0.79,0.59,-0.37
356.00,-0.28,0.56,-1.30,0.46,-0.46
357.00,-0.29,0.55,-0.84,0.15,-0.54
358.00,-0.29,0.56,-0.66,-0.32,-0.31
359.00,-0.28,0.57,-1.31,-0.10,0.02
360.00,-0.27,0.55,-1.89,0.46,0.02
361.00,-0.27,0.55,-1.82,0.66,-0.01
362.00,-0.28,0.55,-1.37,0.99,-0.28
363.00,-0.28,0.56,-1.24,0.86,-0.55
364.00,-0.27,0.56,-1.13,1.15,-0.51
365.00,-0.28,0.55,-0.60,0.99,-0.50
366.00,-0.28,0.56,0.02,0.85,-0.37
367.00,-0.28,0.55,0.56,0.48,-0.45
368.00,-0.28,0.55,0.44,-0.21,-0.55
369.00,-0.28,0.56,-0.37,-0.59,-0.82
370.00,-0.28,0.55,-1.41,-0.52,-0.74
371.00,-0.27,0.55,-2.60,-0.34,-0.89
372.00,-0.27,0.55,-3.36,0.17,-0.58
373.00,-0.27,0.55,-3.26,0.10,-0.66
374.00,-0.27,0.56,-2.33,0.10,-0.51
375.00,-0.28,0.55,-0.86,0.09,-0.68
376.00,-0.29,0.55,-0.11,0.41,-0.94
377.00,-0.29,0.55,-0.09,0.45,-1.10
378.00,-0.29,0.55,-0.18,-0.02,-0.80
379.00,-0.28,0.55,-0.34,-0.82,-0.79
380.00,-0.28,0.55,-1.10,-1.21,-0.72
381.00,-0.26,0.55,-1.75,-1.04,-1.35
382.00,-0.27,0.56,-2.18,-0.60,-1.49
383.00,-0.27,0.54,-2.22,0.08,-1.62
384.00,-0.27,0.55,-1.80,0.68,-1.51
385.00,-0.28,0.55,-1.00,0.86,-1.56
386.00,-0.27,0.55,-0.85,1.02,-1.36
387.00,-0.27,0.55,-1.67,1.77,-1.40
388.00,-0.28,0.55,-2.02,1.40,-1.21
389.00,-0.27,0.55,-1.85,0.63,-0.85
390.00,-0.28,0.55,-1.60,0.40,-0.92
391.00,-0.28,0.55,-1.82,0.61,-1.24
392.00,-0.28,0.56,-1.06,0.29,-1.01
393.00,-0.28,0.55,-0.73,0.18,-0.88
394.00,-0.28,0.55,-0.24,0.12,-0.92
395.00,-0.28,0.56,-0.60,0.24,-0.24
396.00,-0.28,0.56,-0.68,0.12,0.13
397.00,-0.28,0.56,-1.15,-0.18,0.22
398.00,-0.28,0.55,-1.69,0.15,0.24
399.00,-0.28,0.54,-2.15,-0.19,-0.18
