Time (ms), Acce_X, Acce_Y, Acce_Z, Gyro_X, Gyro_Y, Gyro_Z
0.00,-0.25,0.52,-0.89,0.58,-0.40
1.00,-0.25,0.51,-1.50,0.66,-0.49
2.00,-0.25,0.51,-1.15,0.24,-0.28
3.00,-0.25,0.52,-0.71,-0.40,-0.37
4.00,-0.25,0.51,-0.56,0.11,-0.58
5.00,-0.25,0.52,-0.46,0.62,-0.55
6.00,-0.25,0.52,-0.45,0.56,-0.34
7.00,-0.25,0.51,-0.47,0.15,-0.49
8.00,-0.25,0.52,-0.48,-0.21,-0.28
9.00,-0.25,0.53,-0.86,-0.15,-0.32
10.00,-0.25,0.51,-1.17,-0.12,-0.46
11.00,-0.25,0.51,-1.31,-0.65,-0.58
12.00,-0.25,0.52,-1.67,0.35,-0.35
13.00,-0.25,0.52,-1.40,0.48,-0.24
14.00,-0.25,0.51,-0.88,0.49,-0.16
15.00,-0.25,0.51,-0.56,0.47,-0.24
16.00,-0.25,0.51,-0.11,0.08,-0.26
17.00,-0.25,0.51,-0.44,-0.47,-0.31
18.00,-0.26,0.52,-0.80,-0.62,-0.15
19.00,-0.26,0.51,-1.60,-0.85,-0.44
20.00,-0.26,0.51,-2.18,-0.40,-0.27
21.00,-0.25,0.52,-2.27,-0.10,-0.24
22.00,-0.25,0.52,-1.63,-0.50,-0.27
23.00,-0.24,0.51,-1.10,0.07,-0.26
24.00,-0.24,0.51,-0.98,0.63,-0.37
25.00,-0.25,0.52,-1.05,0.33,-0.48
26.00,-0.25,0.52,-0.69,-0.25,-0.59
27.00,-0.25,0.52,-1.06,-0.72,-0.77
28.00,-0.25,0.51,-1.98,-1.64,-1.15
29.00,-0.25,0.51,-2.94,-1.09,-1.18
30.00,-0.25,0.52,-3.63,-0.39,-1.18
31.00,-0.25,0.50,-3.73,-0.05,-1.11
32.00,-0.25,0.50,-4.58,0.17,-1.54
33.00,-0.25,0.51,-6.38,0.45,-2.11
34.00,-0.24,0.52,-8.21,0.14,-2.67
35.00,-0.25,0.52,-10.15,-0.20,-2.90
36.00,-0.25,0.51,-11.01,-0.10,-2.78
37.00,-0.26,0.50,-11.01,-0.16,-2.98
38.00,-0.27,0.51,-11.61,-0.78,-2.90
39.00,-0.28,0.51,-14.74,-1.71,-3.08
40.00,-0.28,0.53,-19.81,-3.19,-4.89
41.00,-0.26,0.52,-26.93,-5.61,-8.09
42.00,-0.26,0.51,-34.90,-8.73,-10.50
43.00,-0.23,0.49,-43.24,-9.84,-13.36
44.00,-0.21,0.48,-45.76,-8.95,-15.99
45.00,-0.22,0.49,-41.76,-7.81,-16.43
46.00,-0.23,0.50,-35.11,-4.77,-14.52
47.00,-0.25,0.49,-26.50,-0.79,-12.18
48.00,-0.26,0.49,-17.51,1.60,-10.19
49.00,-0.27,0.49,-11.98,1.66,-9.26
50.00,-0.27,0.49,-11.05,0.07,-9.79
51.00,-0.27,0.47,-13.97,-1.15,-11.84
52.00,-0.26,0.48,-19.22,-2.26,-13.80
53.00,-0.24,0.48,-23.34,-2.95,-15.24
54.00,-0.24,0.47,-25.36,-3.90,-16.64
55.00,-0.22,0.47,-26.60,-4.47,-18.60
56.00,-0.21,0.48,-28.60,-3.29,-22.27
57.00,-0.21,0.48,-30.63,-1.09,-27.07
58.00,-0.23,0.49,-31.55,0.73,-30.14
59.00,-0.26,0.49,-32.51,1.39,-30.46
60.00,-0.26,0.50,-33.40,-0.44,-29.69
61.00,-0.24,0.49,-33.47,-2.47,-29.51
62.00,-0.23,0.47,-32.68,-2.05,-29.15
63.00,-0.25,0.46,-29.73,0.32,-27.51
64.00,-0.27,0.48,-23.09,2.04,-23.64
65.00,-0.28,0.46,-14.11,1.56,-18.91
66.00,-0.28,0.47,-7.71,1.57,-16.26
67.00,-0.29,0.49,-5.64,2.11,-13.12
68.00,-0.30,0.48,-4.92,0.45,-9.73
69.00,-0.28,0.47,-4.78,-1.43,-7.12
70.00,-0.26,0.47,-5.40,-2.89,-5.12
71.00,-0.25,0.46,-4.45,-2.84,-3.92
72.00,-0.25,0.46,-2.65,-0.78,-2.60
73.00,-0.26,0.47,1.28,1.06,-0.37
74.00,-0.27,0.47,6.92,1.89,2.51
75.00,-0.27,0.47,11.76,3.60,5.51
76.00,-0.27,0.46,16.90,5.79,8.83
77.00,-0.28,0.48,24.29,7.47,13.63
78.00,-0.30,0.50,33.18,7.13,21.67
79.00,-0.32,0.50,42.87,6.08,30.80
80.00,-0.32,0.50,50.44,4.40,37.99
81.00,-0.29,0.47,52.92,-0.34,42.38
82.00,-0.22,0.46,48.27,-3.86,41.30
83.00,-0.17,0.44,37.12,-3.83,33.52
84.00,-0.13,0.44,21.48,0.24,20.69
85.00,-0.14,0.45,8.62,6.44,9.47
86.00,-0.17,0.46,3.28,11.79,3.37
87.00,-0.21,0.49,7.08,14.13,3.75
88.00,-0.24,0.52,16.47,13.93,8.44
89.00,-0.29,0.53,26.65,12.45,14.79
90.00,-0.29,0.54,31.18,10.55,17.86
91.00,-0.29,0.53,29.76,7.20,17.79
92.00,-0.26,0.50,23.09,3.05,14.25
93.00,-0.24,0.50,9.86,1.53,9.11
94.00,-0.24,0.49,0.33,1.24,4.97
95.00,-0.23,0.49,-1.89,0.34,2.14
96.00,-0.22,0.51,2.13,-0.79,0.91
97.00,-0.23,0.51,9.12,0.34,1.19
98.00,-0.25,0.51,14.28,2.05,2.05
99.00,-0.25,0.50,15.92,1.63,2.51
100.00,-0.26,0.51,13.06,0.67,0.64
101.00,-0.24,0.48,6.63,-0.87,-3.59
102.00,-0.22,0.50,0.07,-2.82,-8.17
103.00,-0.23,0.49,-3.74,-4.65,-10.59
104.00,-0.21,0.50,-7.30,-6.85,-12.90
105.00,-0.19,0.50,-10.06,-7.44,-14.72
106.00,-0.19,0.48,-12.53,-5.50,-16.39
107.00,-0.20,0.49,-14.83,-2.98,-17.93
108.00,-0.22,0.49,-15.67,-2.74,-20.04
109.00,-0.22,0.48,-15.42,-5.79,-21.68
110.00,-0.22,0.49,-14.51,-6.68,-21.14
111.00,-0.22,0.46,-15.16,-7.00,-21.61
112.00,-0.22,0.48,-17.17,-7.13,-22.98
113.00,-0.24,0.49,-19.66,-5.86,-23.47
114.00,-0.26,0.52,-19.49,-4.15,-21.74
115.00,-0.28,0.52,-15.40,-3.15,-16.88
116.00,-0.28,0.51,-8.82,-2.40,-11.19
117.00,-0.28,0.50,-3.23,-1.66,-6.43
118.00,-0.27,0.49,0.01,-1.05,-3.47
119.00,-0.26,0.49,0.32,-0.60,-1.99
120.00,-0.27,0.49,-0.70,0.18,-0.12
121.00,-0.26,0.51,-0.88,0.95,1.86
122.00,-0.27,0.51,0.08,1.01,3.69
123.00,-0.25,0.50,2.37,0.93,4.89
124.00,-0.23,0.49,4.88,0.35,5.40
125.00,-0.22,0.47,6.24,-0.95,5.89
126.00,-0.19,0.47,5.68,-1.43,5.39
127.00,-0.19,0.47,3.53,1.02,5.15
128.00,-0.20,0.48,2.27,3.60,5.21
129.00,-0.23,0.49,3.72,5.76,7.01
130.00,-0.25,0.51,6.66,5.46,9.26
131.00,-0.26,0.50,8.86,4.53,10.96
132.00,-0.27,0.51,9.14,4.29,12.33
133.00,-0.26,0.51,7.36,3.60,12.28
134.00,-0.25,0.50,4.93,2.89,12.00
135.00,-0.23,0.51,2.19,2.62,11.11
136.00,-0.22,0.50,1.55,2.56,10.67
137.00,-0.21,0.49,3.08,3.31,10.49
138.00,-0.21,0.48,6.57,4.00,10.91
139.00,-0.22,0.49,10.21,4.27,11.04
140.00,-0.22,0.49,12.56,4.76,11.07
141.00,-0.23,0.49,13.39,4.71,11.45
142.00,-0.24,0.50,12.62,3.34,11.15
143.00,-0.24,0.51,10.18,2.91,10.33
144.00,-0.24,0.52,7.69,2.78,9.02
145.00,-0.24,0.51,6.04,1.92,8.69
146.00,-0.23,0.50,6.08,1.55,8.24
147.00,-0.23,0.51,6.80,1.74,8.11
148.00,-0.22,0.50,7.82,1.96,7.80
149.00,-0.22,0.50,8.44,2.47,6.48
150.00,-0.22,0.49,8.80,2.52,5.69
151.00,-0.23,0.51,8.73,2.16,5.29
152.00,-0.24,0.50,7.65,1.52,5.18
153.00,-0.24,0.51,5.92,2.29,4.59
154.00,-0.24,0.52,4.13,3.15,4.13
155.00,-0.24,0.52,3.45,2.60,4.01
156.00,-0.23,0.51,3.03,0.66,3.69
157.00,-0.23,0.51,2.68,0.08,3.29
158.00,-0.22,0.50,1.56,-0.85,2.17
159.00,-0.23,0.50,0.26,-0.72,1.54
160.00,-0.23,0.51,-0.38,0.14,1.46
161.00,-0.24,0.51,0.54,0.27,2.16
162.00,-0.24,0.51,2.16,0.79,2.76
163.00,-0.24,0.50,2.82,1.62,2.85
164.00,-0.24,0.50,3.04,1.75,2.14
165.00,-0.24,0.50,2.08,1.76,1.41
166.00,-0.24,0.50,0.18,1.47,1.12
167.00,-0.24,0.51,-1.79,0.60,0.82
168.00,-0.24,0.52,-3.12,0.34,0.60
169.00,-0.24,0.50,-2.73,0.48,0.89
170.00,-0.24,0.52,-1.39,0.82,1.02
171.00,-0.24,0.52,-0.17,0.98,1.50
172.00,-0.24,0.51,0.62,1.09,1.32
173.00,-0.23,0.51,0.19,1.99,0.84
174.00,-0.24,0.51,0.02,1.48,0.86
175.00,-0.25,0.52,0.11,0.88,1.02
176.00,-0.25,0.51,0.87,-0.50,1.49
177.00,-0.25,0.51,1.02,-0.96,1.44
178.00,-0.25,0.52,0.21,-0.92,1.48
179.00,-0.24,0.51,-0.52,-0.49,1.60
180.00,-0.25,0.52,-0.82,-0.14,1.60
181.00,-0.24,0.52,-0.64,-0.57,1.82
182.00,-0.24,0.51,-0.78,-1.49,1.71
183.00,-0.24,0.51,-1.00,-1.25,1.33
184.00,-0.24,0.51,-1.37,-2.08,0.99
185.00,-0.25,0.52,-1.33,-1.89,0.93
186.00,-0.24,0.52,-1.47,-1.49,1.37
187.00,-0.25,0.51,-1.08,-0.64,1.82
188.00,-0.25,0.51,-0.36,-0.46,2.17
189.00,-0.24,0.51,0.29,-0.18,2.21
190.00,-0.25,0.52,0.66,-0.28,1.81
191.00,-0.24,0.50,-0.46,-0.71,1.05
192.00,-0.24,0.51,-1.63,-0.40,0.20
193.00,-0.25,0.50,-2.15,-0.14,0.01
194.00,-0.24,0.52,-1.93,0.07,0.25
195.00,-0.25,0.52,-1.54,0.27,0.56
196.00,-0.24,0.50,-1.31,0.14,0.12
197.00,-0.24,0.51,-1.70,0.49,-0.27
198.00,-0.24,0.51,-1.72,0.95,-0.82
199.00,-0.25,0.51,-1.84,0.79,-1.13
200.00,-0.25,0.51,-1.44,0.63,-0.94
201.00,-0.25,0.51,-0.80,0.18,-0.44
202.00,-0.25,0.52,-0.40,0.01,-0.26
203.00,-0.26,0.51,-0.22,-0.11,-0.17
204.00,-0.26,0.51,0.11,-0.37,-0.34
205.00,-0.25,0.51,-0.24,-0.80,-0.34
206.00,-0.24,0.51,-1.38,-0.74,-0.80
207.00,-0.24,0.51,-2.69,-0.51,-0.84
208.00,-0.24,0.51,-3.18,-0.32,-1.10
209.00,-0.25,0.50,-2.08,-0.06,-1.04
210.00,-0.25,0.51,-0.53,0.04,-1.06
211.00,-0.26,0.51,0.66,-0.18,-0.99
212.00,-0.26,0.50,0.50,-0.24,-0.56
213.00,-0.25,0.51,-0.78,0.08,-0.49
214.00,-0.25,0.50,-2.45,0.21,-1.02
215.00,-0.24,0.51,-3.32,-0.02,-1.21
216.00,-0.24,0.51,-3.04,0.66,-1.46
217.00,-0.24,0.51,-1.85,0.66,-1.71
218.00,-0.23,0.51,-0.63,0.31,-1.68
219.00,-0.24,0.51,-0.02,0.73,-1.62
220.00,-0.24,0.51,-0.20,0.83,-1.56
221.00,-0.25,0.50,-1.47,0.98,-1.68
222.00,-0.24,0.51,-2.30,1.34,-1.66
223.00,-0.25,0.51,-2.81,1.27,-1.30
224.00,-0.25,0.51,-2.35,0.76,-1.33
225.00,-0.24,0.51,-1.87,0.62,-1.02
226.00,-0.24,0.52,-1.25,0.61,-1.00
227.00,-0.24,0.53,-0.63,0.59,-0.88
228.00,-0.24,0.51,-0.51,0.32,-0.60
229.00,-0.24,0.51,-0.98,0.15,-0.86
230.00,-0.24,0.52,-1.63,-0.06,-1.10
231.00,-0.25,0.51,-2.05,-0.06,-1.31
232.00,-0.25,0.51,-2.21,0.25,-1.16
233.00,-0.25,0.50,-1.55,0.63,-0.55
234.00,-0.24,0.52,-0.77,0.45,0.15
235.00,-0.24,0.51,-0.31,0.48,0.32
236.00,-0.24,0.52,-0.16,0.25,0.47
237.00,-0.24,0.51,-0.11,0.47,0.07
238.00,-0.25,0.51,-0.32,0.10,0.20
239.00,-0.25,0.50,-0.50,-0.66,0.42
240.00,-0.24,0.51,-1.53,-0.69,0.39
241.00,-0.24,0.51,-2.38,0.56,0.31
242.00,-0.24,0.51,-1.37,0.57,0.77
243.00,-0.25,0.51,0.43,0.21,1.00
244.00,-0.25,0.52,1.73,0.33,1.02
245.00,-0.25,0.51,1.96,0.89,1.18
246.00,-0.24,0.51,1.22,0.69,1.07
247.00,-0.24,0.50,-0.08,-0.49,0.67
248.00,-0.24,0.50,-2.30,-0.82,-0.13
249.00,-0.24,0.51,-3.36,-0.18,-0.37
250.00,-0.24,0.51,-2.54,0.37,-0.34
251.00,-0.25,0.52,-0.98,0.89,-0.02
252.00,-0.24,0.52,0.33,1.07,0.31
253.00,-0.24,0.51,0.96,0.91,0.20
254.00,-0.24,0.51,0.79,0.50,-0.33
255.00,-0.25,0.51,0.05,-0.23,-0.67
256.00,-0.25,0.51,-0.77,-0.62,-0.87
257.00,-0.25,0.51,-1.69,-0.23,-0.88
258.00,-0.24,0.51,-1.84,0.15,-0.61
259.00,-0.25,0.51,-1.50,0.63,-0.65
260.00,-0.25,0.50,-0.89,1.02,-0.69
261.00,-0.24,0.51,-0.48,0.41,-0.79
262.00,-0.24,0.50,-0.66,-0.37,-0.86
263.00,-0.24,0.51,-0.74,-1.08,-0.92
264.00,-0.24,0.52,-1.15,-0.84,-1.34
265.00,-0.25,0.51,-1.76,-0.15,-0.93
266.00,-0.25,0.51,-1.56,0.11,-0.74
267.00,-0.24,0.51,-1.51,-0.02,-0.78
268.00,-0.25,0.50,-1.78,0.29,-1.05
269.00,-0.24,0.51,-2.34,0.37,-1.42
270.00,-0.25,0.51,-3.02,0.06,-1.60
271.00,-0.24,0.51,-2.81,-0.28,-1.17
272.00,-0.24,0.51,-2.55,-0.23,-0.88
273.00,-0.24,0.51,-2.24,-0.09,-0.58
274.00,-0.24,0.51,-1.66,0.34,-0.53
275.00,-0.25,0.51,-1.05,0.48,-0.61
276.00,-0.24,0.51,-1.20,0.19,-0.89
277.00,-0.25,0.51,-1.53,-0.06,-1.02
278.00,-0.25,0.52,-2.14,-0.33,-1.13
279.00,-0.25,0.50,-2.73,-0.15,-0.92
280.00,-0.24,0.51,-2.86,-0.34,-1.09
281.00,-0.24,0.51,-2.73,-0.59,-1.20
282.00,-0.24,0.51,-2.47,-0.43,-1.20
283.00,-0.25,0.50,-2.05,-0.50,-1.34
284.00,-0.25,0.51,-1.78,-0.32,-1.24
285.00,-0.25,0.50,-1.84,-0.57,-0.84
286.00,-0.24,0.51,-2.11,-0.67,-1.02
287.00,-0.25,0.51,-2.50,-0.98,-0.96
288.00,-0.24,0.51,-2.64,-0.53,-0.98
289.00,-0.24,0.51,-2.28,0.14,-0.95
290.00,-0.24,0.52,-1.87,0.19,-0.91
291.00,-0.25,0.51,-1.47,0.26,-0.90
292.00,-0.24,0.51,-1.02,0.92,-0.69
293.00,-0.24,0.51,-0.68,1.37,-0.79
294.00,-0.25,0.51,0.34,1.53,-0.54
295.00,-0.25,0.51,0.71,1.17,-0.35
296.00,-0.26,0.50,0.11,0.23,-0.40
297.00,-0.24,0.50,-1.14,-0.47,-0.61
298.00,-0.25,0.51,-2.67,-0.50,-0.45
299.00,-0.24,0.51,-3.37,-0.41,-0.58
300.00,-0.24,0.52,-2.29,-0.89,-0.44
301.00,-0.24,0.50,-0.76,-0.67,-0.52
302.00,-0.25,0.51,0.34,0.56,-0.34
303.00,-0.25,0.51,0.59,1.18,-0.27
304.00,-0.25,0.52,0.22,0.55,-0.02
305.00,-0.25,0.51,-0.55,0.73,0.01
306.00,-0.25,0.51,-1.21,0.89,-0.34
307.00,-0.25,0.51,-1.10,0.66,-0.66
308.00,-0.24,0.51,-0.95,0.19,-0.65
309.00,-0.24,0.51,-1.56,0.79,-0.69
310.00,-0.24,0.51,-2.44,1.07,-0.86
311.00,-0.24,0.51,-2.73,0.95,-1.15
312.00,-0.24,0.51,-2.44,0.57,-1.31
313.00,-0.25,0.51,-1.41,0.87,-0.95
314.00,-0.25,0.50,-0.27,0.75,-0.51
315.00,-0.24,0.51,0.12,0.74,-0.40
316.00,-0.25,0.51,-0.61,0.85,-0.45
317.00,-0.24,0.50,-1.55,1.24,-0.76
318.00,-0.25,0.50,-1.91,1.04,-0.75
319.00,-0.24,0.50,-1.76,0.44,-0.83
320.00,-0.24,0.51,-1.64,0.17,-0.63
321.00,-0.24,0.51,-1.66,-0.02,-0.47
322.00,-0.24,0.51,-1.32,0.13,-0.24
323.00,-0.24,0.50,-1.42,0.40,0.08
324.00,-0.25,0.51,-1.55,0.27,0.34
325.00,-0.25,0.51,-1.74,0.80,0.19
326.00,-0.24,0.51,-1.85,0.87,0.62
327.00,-0.25,0.51,-1.44,1.02,0.63
328.00,-0.25,0.51,-1.08,0.88,0.79
329.00,-0.24,0.52,-0.78,0.37,0.71
330.00,-0.24,0.50,-0.98,0.46,0.34
331.00,-0.25,0.50,-1.37,0.43,0.20
332.00,-0.24,0.50,-1.40,0.62,0.31
333.00,-0.25,0.49,-1.63,0.81,-0.06
334.00,-0.24,0.51,-1.85,0.82,0.02
335.00,-0.25,0.51,-1.50,0.72,0.21
336.00,-0.25,0.50,-0.86,0.39,0.50
337.00,-0.26,0.51,-0.22,-0.21,0.59
338.00,-0.25,0.52,-0.50,0.07,0.47
339.00,-0.24,0.51,-0.90,0.17,0.08
340.00,-0.24,0.50,-1.32,0.33,-0.15
341.00,-0.25,0.51,-1.61,0.72,-0.40
342.00,-0.25,0.51,-1.87,1.09,-0.89
343.00,-0.25,0.51,-1.55,1.23,-0.89
344.00,-0.25,0.51,-0.57,1.54,-0.40
345.00,-0.24,0.50,-0.34,1.10,-0.38
346.00,-0.24,0.51,0.02,0.98,-0.34
347.00,-0.25,0.50,-0.27,0.16,-0.60
348.00,-0.24,0.51,-0.82,-0.63,-1.13
349.00,-0.25,0.51,-1.37,-0.84,-1.49
350.00,-0.24,0.49,-1.40,-0.34,-1.50
351.00,-0.25,0.52,-1.27,0.23,-1.39
352.00,-0.24,0.51,-0.72,0.12,-1.17
353.00,-0.24,0.51,-0.92,0.69,-1.18
354.00,-0.25,0.51,-0.92,0.78,-1.41
355.00,-0.25,0.51,-0.75,0.37,-1.65
356.00,-0.24,0.51,-0.85,0.17,-1.54
357.00,-0.25,0.51,-1.30,-0.34,-1.38
358.00,-0.25,0.51,-1.26,-0.62,-1.15
359.00,-0.24,0.50,-1.72,-0.32,-0.89
360.00,-0.24,0.51,-1.24,0.00,-0.89
361.00,-0.24,0.50,-1.36,0.29,-0.82
362.00,-0.24,0.51,-2.11,0.31,-0.85
363.00,-0.24,0.50,-2.97,0.11,-0.95
364.00,-0.24,0.51,-3.23,0.51,-0.89
365.00,-0.24,0.50,-2.99,0.37,-0.74
366.00,-0.24,0.51,-2.20,0.75,-0.66
367.00,-0.24,0.52,-1.78,1.27,-0.67
368.00,-0.24,0.51,-1.44,1.21,-0.39
369.00,-0.25,0.51,-1.73,1.39,-0.35
370.00,-0.25,0.51,-2.32,2.06,-0.19
371.00,-0.25,0.50,-3.37,2.26,-0.50
372.00,-0.25,0.51,-3.21,1.85,-0.46
373.00,-0.24,0.52,-2.85,0.88,-0.80
374.00,-0.24,0.51,-2.88,0.32,-0.89
375.00,-0.25,0.51,-2.72,-0.52,-0.80
376.00,-0.24,0.51,-2.31,-1.14,-0.63
377.00,-0.25,0.52,-2.39,-0.94,-0.41
378.00,-0.24,0.51,-2.93,-1.02,-0.91
379.00,-0.24,0.52,-3.05,-0.68,-0.90
380.00,-0.24,0.51,-2.99,-0.23,-0.99
381.00,-0.25,0.50,-2.21,-0.15,-0.57
382.00,-0.24,0.50,-1.47,-0.26,-0.27
383.00,-0.24,0.51,-0.44,0.24,-0.18
384.00,-0.24,0.52,0.30,0.18,0.51
385.00,-0.25,0.51,0.76,0.35,0.44
386.00,-0.25,0.50,0.12,0.34,0.16
387.00,-0.25,0.52,-1.11,0.50,0.11
388.00,-0.24,0.50,-1.16,0.32,0.22
389.00,-0.25,0.51,-0.59,0.15,0.44
390.00,-0.25,0.51,0.26,-0.13,0.69
391.00,-0.25,0.50,1.07,0.17,0.54
392.00,-0.26,0.50,1.22,0.53,0.59
393.00,-0.26,0.51,0.82,0.66,0.36
394.00,-0.26,0.51,0.21,0.21,0.36
395.00,-0.25,0.51,-1.19,0.24,0.20
396.00,-0.24,0.50,-2.40,0.48,0.05
397.00,-0.23,0.51,-2.77,0.42,-0.18
398.00,-0.23,0.50,-2.23,0.89,-0.34
399.00,-0.24,0.51,-1.21,1.54,-0.34
