Time (ms), Acce_X, Acce_Y, Acce_Z, Gyro_X, Gyro_Y, Gyro_Z
0, 0.75, 0.44, 0.53, -0.82, -2.26, -1.62
1, 0.74, 0.44, 0.53, -1.39, -2.93, -1.80
2, 0.75, 0.43, 0.53, -1.51, -3.21, -1.82
3, 0.74, 0.43, 0.53, -1.53, -2.24, -1.88
4, 0.74, 0.43, 0.52, -1.80, -1.18, -2.08
5, 0.74, 0.43, 0.51, -1.31, 0.24, -1.89
6, 0.75, 0.43, 0.52, -1.45, 1.22, -2.06
7, 0.74, 0.43, 0.52, -1.45, 1.11, -2.35
8, 0.74, 0.44, 0.52, -1.40, 0.61, -2.15
9, 0.75, 0.44, 0.51, -1.62, 0.63, -2.21
10, 0.74, 0.44, 0.52, -1.36, 1.57, -2.05
11, 0.74, 0.44, 0.52, -1.60, 1.21, -2.58
12, 0.74, 0.44, 0.52, -1.89, 0.75, -2.75
13, 0.73, 0.44, 0.51, -1.83, 0.81, -2.37
14, 0.74, 0.44, 0.50, -1.85, 1.50, -2.17
15, 0.74, 0.44, 0.51, -1.83, 1.74, -2.23
16, 0.74, 0.45, 0.50, -1.36, -0.06, -2.29
17, 0.74, 0.44, 0.51, -1.50, -2.60, -2.40
18, 0.74, 0.45, 0.51, -1.48, -3.76, -2.43
19, 0.73, 0.44, 0.51, -1.88, -3.66, -2.35
20, 0.74, 0.44, 0.51, -1.95, -2.32, -2.52
21, 0.74, 0.45, 0.51, -2.11, -1.42, -2.12
22, 0.75, 0.45, 0.51, -1.57, -0.46, -2.05
23, 0.74, 0.45, 0.51, -1.60, 0.06, -2.15
24, 0.75, 0.45, 0.52, -0.99, 0.35, -1.94
25, 0.75, 0.45, 0.52, -0.18, 0.26, -1.94
26, 0.75, 0.45, 0.51, 0.17, -0.18, -1.86
27, 0.75, 0.45, 0.51, 0.46, -0.15, -1.31
28, 0.75, 0.45, 0.51, 0.18, -0.12, -1.11
29, 0.75, 0.45, 0.50, -0.23, 0.43, -0.78
30, 0.75, 0.45, 0.51, -0.20, 1.18, -0.61
31, 0.75, 0.45, 0.51, -0.49, 0.49, -0.73
32, 0.75, 0.45, 0.51, -0.63, -0.85, -0.53
33, 0.74, 0.45, 0.50, -0.12, -1.37, -0.81
34, 0.74, 0.45, 0.51, 0.05, -1.53, -0.81
35, 0.74, 0.45, 0.50, -0.09, -1.25, -1.02
36, 0.74, 0.45, 0.49, -0.40, -0.67, -0.82
37, 0.74, 0.45, 0.51, -0.98, 0.47, -0.82
38, 0.75, 0.45, 0.50, -1.66, 0.34, -0.82
39, 0.75, 0.45, 0.51, -2.24, -0.40, -1.30
40, 0.74, 0.45, 0.50, -2.58, -1.57, -1.47
41, 0.74, 0.45, 0.51, -2.12, -2.20, -2.44
42, 0.74, 0.46, 0.51, -1.85, -2.06, -4.21
43, 0.73, 0.46, 0.51, -1.37, -1.54, -6.84
44, 0.72, 0.47, 0.50, -0.55, -1.91, -11.40
45, 0.71, 0.48, 0.50, 0.26, -5.45, -19.95
46, 0.72, 0.48, 0.49, 1.40, -9.44, -26.41
47, 0.70, 0.52, 0.46, 3.86, -14.76, -35.97
48, 0.72, 0.51, 0.45, 7.39, -24.12, -43.63
49, 0.72, 0.48, 0.47, 11.36, -37.69, -51.53
50, 0.68, 0.48, 0.47, 16.43, -53.39, -65.40
51, 0.61, 0.57, 0.48, 23.01, -69.30, -97.01
52, 0.75, 0.49, 0.54, 23.22, -60.32, -91.91
53, 0.81, 0.42, 0.52, 27.62, -52.99, -82.11
54, 0.77, 0.45, 0.43, 32.17, -59.89, -82.50
55, 0.74, 0.53, 0.39, 28.00, -65.86, -82.20
56, 0.79, 0.49, 0.45, 28.15, -57.40, -69.91
57, 0.79, 0.53, 0.49, 35.76, -49.30, -59.65
58, 0.78, 0.53, 0.46, 32.27, -48.56, -51.89
59, 0.76, 0.57, 0.39, 25.98, -53.77, -45.53
60, 0.72, 0.57, 0.41, 21.19, -53.13, -39.71
61, 0.72, 0.59, 0.43, 17.73, -42.40, -27.88
62, 0.74, 0.58, 0.39, 13.27, -34.43, -13.36
63, 0.78, 0.56, 0.37, 6.08, -33.95, -2.08
64, 0.76, 0.56, 0.34, 5.88, -34.70, 3.10
65, 0.74, 0.61, 0.33, 9.21, -31.66, 1.45
66, 0.74, 0.65, 0.34, 7.63, -22.44, 3.95
67, 0.77, 0.61, 0.37, 1.92, -16.38, 13.24
68, 0.78, 0.60, 0.35, 0.66, -15.25, 24.60
69, 0.78, 0.58, 0.34, -0.63, -12.79, 34.18
70, 0.80, 0.57, 0.32, -1.45, -8.00, 45.56
71, 0.84, 0.53, 0.34, -2.96, -2.18, 62.58
72, 0.82, 0.58, 0.35, -6.85, 4.29, 76.38
73, 0.76, 0.61, 0.37, -8.84, 7.92, 76.61
74, 0.67, 0.67, 0.36, -7.13, 8.15, 61.18
75, 0.62, 0.65, 0.36, -3.27, 3.27, 37.48
76, 0.68, 0.58, 0.38, -0.87, -0.55, 28.15
77, 0.74, 0.54, 0.35, 1.79, -3.11, 21.59
78, 0.76, 0.51, 0.35, 2.41, -4.38, 12.44
79, 0.74, 0.54, 0.33, 3.68, -1.74, 1.07
80, 0.73, 0.55, 0.36, 4.40, -0.61, -10.89
81, 0.69, 0.55, 0.34, 7.45, -1.97, -26.31
82, 0.69, 0.57, 0.34, 10.40, -3.97, -43.66
83, 0.66, 0.60, 0.33, 12.87, -4.92, -62.03
84, 0.67, 0.62, 0.35, 13.68, -2.89, -76.27
85, 0.71, 0.60, 0.36, 12.24, 0.43, -80.15
86, 0.73, 0.60, 0.33, 12.95, 1.68, -81.65
87, 0.76, 0.61, 0.34, 11.73, 2.44, -80.96
88, 0.78, 0.60, 0.33, 11.13, 5.45, -73.18
89, 0.76, 0.61, 0.32, 10.20, 7.82, -65.13
90, 0.75, 0.62, 0.32, 8.81, 11.89, -57.60
91, 0.73, 0.63, 0.35, 7.21, 15.98, -49.27
92, 0.75, 0.63, 0.32, 3.82, 17.39, -37.65
93, 0.77, 0.62, 0.33, 1.25, 17.69, -24.79
94, 0.78, 0.61, 0.33, -0.34, 20.60, -10.24
95, 0.78, 0.61, 0.33, -2.90, 27.01, 8.49
96, 0.86, 0.60, 0.32, -8.26, 39.57, 41.33
97, 0.88, 0.55, 0.32, -14.09, 51.83, 80.49
98, 0.86, 0.56, 0.33, -20.93, 62.72, 111.19
99, 0.80, 0.60, 0.38, -29.22, 72.53, 127.86
100, 0.77, 0.60, 0.41, -32.41, 82.37, 137.92
101, 0.76, 0.59, 0.42, -34.02, 89.30, 146.12
102, 0.74, 0.60, 0.44, -37.25, 90.95, 148.61
103, 0.76, 0.57, 0.48, -42.20, 88.21, 149.94
104, 0.73, 0.57, 0.52, -42.99, 82.76, 140.09
105, 0.73, 0.52, 0.55, -42.76, 80.55, 127.10
106, 0.68, 0.44, 0.55, -46.02, 80.82, 110.50
107, 0.66, 0.41, 0.54, -44.60, 77.85, 92.11
108, 0.65, 0.38, 0.52, -39.82, 71.76, 73.11
109, 0.68, 0.42, 0.43, -31.73, 66.61, 59.39
110, 0.68, 0.47, 0.46, -25.92, 50.76, 52.44
111, 0.69, 0.46, 0.51, -24.18, 35.63, 41.50
112, 0.71, 0.45, 0.51, -18.32, 30.15, 28.58
113, 0.71, 0.43, 0.50, -12.50, 24.31, 20.87
114, 0.72, 0.40, 0.51, -11.30, 21.05, 19.21
115, 0.74, 0.38, 0.53, -10.00, 22.18, 20.27
116, 0.74, 0.38, 0.53, -8.17, 22.29, 19.66
117, 0.74, 0.38, 0.56, -7.44, 18.37, 16.90
118, 0.75, 0.38, 0.55, -7.30, 15.01, 16.76
119, 0.76, 0.37, 0.56, -7.08, 11.65, 16.17
120, 0.75, 0.40, 0.53, -4.84, 7.15, 12.14
121, 0.75, 0.41, 0.54, -3.50, 3.16, 7.85
122, 0.68, 0.44, 0.58, -6.84, 1.36, 4.61
123, 0.80, 0.35, 0.57, -2.95, 18.66, 4.14
124, 0.75, 0.37, 0.55, 4.82, 17.63, -0.40
125, 0.71, 0.41, 0.49, 0.00, -10.29, -6.84
126, 0.73, 0.39, 0.57, 0.11, -13.24, -10.11
127, 0.71, 0.42, 0.55, 13.60, -14.29, -16.38
128, 0.74, 0.40, 0.55, 10.37, -16.61, -18.35
129, 0.73, 0.39, 0.55, 8.29, -17.53, -20.67
130, 0.78, 0.38, 0.57, 7.30, -9.62, -12.32
131, 0.77, 0.35, 0.57, 4.49, -2.37, -4.27
132, 0.75, 0.41, 0.53, 3.45, -6.95, -6.73
133, 0.74, 0.42, 0.54, 4.47, -12.40, -11.19
134, 0.72, 0.42, 0.54, 8.72, -16.44, -14.63
135, 0.73, 0.43, 0.55, 10.41, -20.92, -17.37
136, 0.74, 0.40, 0.56, 8.18, -19.31, -15.44
137, 0.76, 0.36, 0.56, 4.58, -10.95, -9.30
138, 0.77, 0.36, 0.55, 1.80, -1.63, -4.82
139, 0.78, 0.37, 0.54, -0.44, 2.47, -2.67
140, 0.76, 0.39, 0.54, -1.08, 0.95, -2.40
141, 0.75, 0.37, 0.54, -1.19, -0.72, -2.08
142, 0.76, 0.38, 0.54, -0.72, -0.90, -0.96
143, 0.76, 0.39, 0.55, -0.21, -0.76, -0.58
144, 0.77, 0.41, 0.53, -0.64, -0.08, -0.96
145, 0.76, 0.39, 0.54, -1.66, 3.07, 2.32
146, 0.75, 0.40, 0.56, -3.31, 6.05, 4.09
147, 0.74, 0.41, 0.53, -2.84, 4.79, 3.45
148, 0.75, 0.41, 0.54, -2.79, 4.55, 3.42
149, 0.75, 0.40, 0.54, -1.98, 5.28, 4.00
150, 0.74, 0.42, 0.53, -1.24, 5.04, 2.76
151, 0.75, 0.42, 0.54, -1.65, 6.72, 2.06
152, 0.75, 0.40, 0.53, -0.17, 8.49, 2.11
153, 0.75, 0.39, 0.55, -0.08, 8.11, 1.86
154, 0.75, 0.38, 0.55, -1.22, 4.92, 0.11
155, 0.73, 0.41, 0.53, -1.24, 1.60, -2.29
156, 0.75, 0.39, 0.55, 0.29, 0.09, -3.08
157, 0.71, 0.44, 0.55, -0.24, -6.06, -2.60
158, 0.71, 0.43, 0.53, -6.47, -4.78, 0.09
159, 0.82, 0.34, 0.59, 2.38, 13.69, 2.76
160, 0.73, 0.44, 0.51, 4.85, 5.69, 3.34
161, 0.77, 0.37, 0.56, -7.37, 0.73, 6.95
162, 0.78, 0.35, 0.59, -0.89, 11.80, 10.23
163, 0.76, 0.41, 0.52, 1.86, 12.17, 11.76
164, 0.76, 0.37, 0.56, -7.11, 7.88, 11.57
165, 0.76, 0.39, 0.55, -7.60, 5.65, 12.47
166, 0.76, 0.41, 0.55, -5.63, 5.77, 12.08
167, 0.76, 0.39, 0.55, -7.34, 2.24, 13.13
168, 0.76, 0.36, 0.55, -7.65, -1.83, 13.56
169, 0.77, 0.36, 0.54, -6.26, -1.85, 14.69
170, 0.78, 0.36, 0.54, -6.63, 0.38, 16.35
171, 0.78, 0.37, 0.54, -7.45, 0.40, 16.21
172, 0.75, 0.39, 0.53, -7.57, -2.06, 13.66
173, 0.75, 0.39, 0.56, -7.11, -2.75, 12.31
174, 0.74, 0.39, 0.55, -7.25, -0.60, 10.92
175, 0.74, 0.37, 0.56, -7.04, 1.31, 9.24
176, 0.76, 0.37, 0.57, -7.79, 2.50, 9.45
177, 0.74, 0.38, 0.56, -6.67, 1.68, 7.73
178, 0.73, 0.37, 0.56, -5.94, -0.09, 4.95
179, 0.73, 0.36, 0.54, -4.63, 0.58, 3.97
180, 0.74, 0.35, 0.54, -3.30, 1.74, 3.77
181, 0.75, 0.35, 0.56, -3.21, 2.87, 4.03
182, 0.76, 0.35, 0.56, -2.70, 4.17, 3.85
183, 0.75, 0.35, 0.56, -2.20, 3.07, 3.04
184, 0.75, 0.35, 0.56, -2.08, 1.97, 2.37
185, 0.75, 0.36, 0.56, -2.37, 2.27, 1.47
186, 0.76, 0.36, 0.60, -1.69, 1.28, 1.79
187, 0.76, 0.35, 0.56, -2.17, -0.44, 2.58
188, 0.76, 0.33, 0.55, -1.22, -1.83, 3.21
189, 0.74, 0.36, 0.55, -1.51, -3.59, 1.69
190, 0.75, 0.35, 0.56, -1.31, -4.11, -0.32
191, 0.77, 0.35, 0.56, -0.46, -4.08, -1.36
192, 0.76, 0.37, 0.55, -0.44, -7.47, -3.56
193, 0.76, 0.37, 0.56, -0.72, -8.49, -4.02
194, 0.77, 0.36, 0.55, -0.20, -5.51, -1.82
195, 0.77, 0.36, 0.55, 0.40, -1.69, -0.18
196, 0.77, 0.38, 0.54, 0.11, -1.40, -0.79
197, 0.76, 0.38, 0.55, 0.44, -1.24, -1.65
198, 0.77, 0.37, 0.55, 1.51, -0.31, -0.61
199, 0.77, 0.36, 0.54, 1.22, -0.29, -0.37
200, 0.78, 0.34, 0.55, 1.07, -1.04, 0.60
201, 0.76, 0.37, 0.56, 0.31, -2.53, -0.61
202, 0.76, 0.36, 0.56, 0.17, -2.99, -1.57
203, 0.76, 0.36, 0.56, 0.32, -1.10, -1.44
204, 0.75, 0.35, 0.55, -0.24, -1.11, -2.08
205, 0.77, 0.36, 0.56, -0.85, -1.15, -2.27
206, 0.77, 0.36, 0.54, -0.50, 0.56, -1.76
207, 0.77, 0.37, 0.55, -0.37, 0.85, -1.76
208, 0.77, 0.36, 0.54, -0.84, -0.41, -2.02
209, 0.77, 0.36, 0.54, -1.08, -0.99, -0.81
210, 0.77, 0.37, 0.54, -0.79, -2.55, -0.73
211, 0.76, 0.36, 0.55, -0.75, -3.33, -0.47
212, 0.76, 0.36, 0.54, -0.21, -3.80, 0.14
213, 0.77, 0.36, 0.55, -0.15, -3.65, 0.18
214, 0.77, 0.35, 0.54, 0.37, -3.40, 1.18
215, 0.76, 0.37, 0.55, 0.81, -4.78, -0.26
216, 0.75, 0.38, 0.54, 1.18, -5.22, -1.80
217, 0.76, 0.36, 0.55, 1.89, -3.30, -1.85
218, 0.76, 0.37, 0.55, 2.32, -1.88, -2.46
219, 0.76, 0.36, 0.54, 1.83, -2.55, -3.05
220, 0.77, 0.37, 0.54, 1.76, -2.02, -3.10
221, 0.76, 0.37, 0.54, 1.21, -0.82, -2.18
222, 0.76, 0.38, 0.54, 0.05, -1.10, -1.71
223, 0.77, 0.36, 0.54, 0.08, -1.22, -1.15
224, 0.77, 0.37, 0.54, 0.05, -0.98, -1.13
225, 0.77, 0.36, 0.55, -0.69, -2.15, -1.16
226, 0.76, 0.37, 0.54, -1.65, -2.64, -1.45
227, 0.76, 0.37, 0.55, -1.11, -0.70, -1.86
228, 0.76, 0.38, 0.53, -0.40, 0.21, -2.05
229, 0.77, 0.38, 0.54, -0.53, -0.84, -2.49
230, 0.78, 0.37, 0.55, -0.76, -1.69, -1.57
231, 0.77, 0.37, 0.55, -0.61, -1.92, -1.25
232, 0.76, 0.37, 0.54, -0.75, -1.18, -1.31
233, 0.78, 0.37, 0.54, -1.01, 0.41, 0.23
234, 0.76, 0.37, 0.53, -0.69, 0.50, 0.18
235, 0.77, 0.37, 0.53, -1.68, 0.11, 0.24
236, 0.76, 0.37, 0.54, -1.66, 0.27, 0.66
237, 0.77, 0.36, 0.53, -1.11, 0.90, 1.24
238, 0.76, 0.37, 0.53, -1.60, 0.63, 0.81
239, 0.77, 0.37, 0.53, -1.65, 0.32, 0.58
240, 0.77, 0.37, 0.54, -1.66, 0.73, 0.73
241, 0.77, 0.38, 0.53, -1.71, 1.71, 0.95
242, 0.76, 0.37, 0.53, -2.55, 1.10, 1.15
243, 0.76, 0.37, 0.54, -2.50, 0.73, 0.92
244, 0.77, 0.37, 0.54, -2.31, 1.44, 0.96
245, 0.77, 0.37, 0.53, -1.62, 1.28, 1.18
246, 0.77, 0.37, 0.55, -1.45, 0.02, 0.63
247, 0.77, 0.37, 0.53, -0.55, 0.12, 0.47
248, 0.77, 0.37, 0.55, 0.08, 0.73, 0.43
249, 0.77, 0.37, 0.54, -0.09, 0.63, 0.18
250, 0.77, 0.37, 0.53, -0.03, 0.55, -0.47
251, 0.77, 0.37, 0.54, -0.14, 1.08, -0.53
252, 0.77, 0.36, 0.55, -0.75, 0.95, 0.06
253, 0.77, 0.35, 0.55, -1.10, 0.38, 0.31
254, 0.77, 0.36, 0.54, -1.62, 1.11, -0.58
255, 0.77, 0.36, 0.54, -1.66, 2.15, -0.35
256, 0.77, 0.36, 0.54, -1.62, 1.65, -0.03
257, 0.76, 0.37, 0.54, -1.40, 0.64, -0.50
258, 0.76, 0.38, 0.55, -1.31, -0.35, -1.47
259, 0.77, 0.37, 0.53, -0.96, -0.20, -1.71
260, 0.76, 0.37, 0.55, -0.70, 0.72, -0.82
261, 0.77, 0.37, 0.55, -0.46, 1.62, -0.69
262, 0.77, 0.38, 0.54, -0.40, 1.77, -0.47
263, 0.77, 0.37, 0.53, -0.69, 0.92, -0.72
264, 0.77, 0.37, 0.54, -0.17, -0.32, -0.92
265, 0.76, 0.37, 0.54, -0.66, -0.82, -0.18
266, 0.77, 0.36, 0.54, -0.73, -0.89, 0.90
267, 0.76, 0.37, 0.54, -0.61, -1.16, 0.82
268, 0.76, 0.36, 0.54, -0.89, -0.24, 0.84
269, 0.77, 0.36, 0.53, -0.79, 0.06, 0.95
270, 0.77, 0.37, 0.55, -1.33, -0.20, 1.05
271, 0.77, 0.37, 0.54, -1.22, 0.06, 1.05
272, 0.77, 0.37, 0.54, -1.27, 0.69, 0.40
273, 0.76, 0.36, 0.54, -0.81, 0.38, 0.23
274, 0.76, 0.36, 0.54, -0.92, 0.08, -0.15
275, 0.76, 0.37, 0.54, -1.04, 0.40, -0.50
276, 0.76, 0.37, 0.54, -0.55, 1.88, -0.92
277, 0.77, 0.37, 0.53, -0.41, 3.11, -0.70
278, 0.76, 0.37, 0.54, -1.71, 1.66, -0.92
279, 0.77, 0.37, 0.54, -1.63, 0.67, -0.98
280, 0.76, 0.37, 0.54, -1.21, 0.73, -0.93
281, 0.76, 0.38, 0.53, -0.46, 0.46, -1.08
282, 0.77, 0.37, 0.53, -0.38, 0.31, -0.26
283, 0.76, 0.37, 0.53, 0.03, 0.20, -0.60
284, 0.76, 0.38, 0.54, -0.17, 0.14, -1.10
285, 0.77, 0.37, 0.54, -0.18, 0.60, -0.70
286, 0.77, 0.36, 0.53, -0.35, 0.60, -0.60
287, 0.77, 0.36, 0.54, -0.89, 0.40, 0.00
288, 0.77, 0.36, 0.55, -1.05, 0.78, 0.17
289, 0.77, 0.37, 0.54, -1.19, 0.79, 0.05
290, 0.77, 0.37, 0.54, -1.44, 1.21, 0.44
291, 0.76, 0.38, 0.54, -1.51, 1.04, 0.32
292, 0.76, 0.37, 0.54, -1.47, 0.34, 0.20
293, 0.77, 0.37, 0.53, -1.10, -0.11, -0.02
294, 0.77, 0.37, 0.54, -0.67, 0.46, -0.02
295, 0.76, 0.37, 0.53, -0.64, 0.61, 0.14
296, 0.76, 0.38, 0.53, -0.64, 0.50, -0.53
297, 0.76, 0.37, 0.54, -1.13, 0.85, -1.15
298, 0.77, 0.37, 0.54, -1.04, 1.37, -0.43
299, 0.77, 0.37, 0.54, -1.36, 0.89, 0.26
300, 0.77, 0.38, 0.53, -1.76, -0.12, 0.20
301, 0.76, 0.38, 0.54, -1.68, -1.50, -0.55
302, 0.76, 0.37, 0.55, -1.08, -0.31, 0.05
303, 0.77, 0.37, 0.54, -0.58, 1.11, 0.56
304, 0.76, 0.38, 0.54, -0.78, 0.98, 0.66
305, 0.77, 0.37, 0.55, -0.75, 0.84, 0.35
306, 0.77, 0.38, 0.54, -0.90, 0.14, -0.11
307, 0.76, 0.37, 0.54, -0.99, -0.60, -0.03
308, 0.76, 0.37, 0.53, -0.84, -0.81, 0.55
309, 0.77, 0.36, 0.55, -0.52, -0.50, -0.37
310, 0.78, 0.36, 0.54, -0.70, 0.46, 0.05
311, 0.77, 0.36, 0.55, -0.96, 0.14, -0.23
312, 0.77, 0.36, 0.55, -1.11, 1.10, 0.21
313, 0.77, 0.37, 0.54, -0.31, 1.98, 1.18
314, 0.77, 0.37, 0.54, -0.23, 1.04, 0.95
315, 0.78, 0.38, 0.54, -0.69, -0.58, 0.61
316, 0.76, 0.38, 0.53, -1.07, -1.50, -0.23
317, 0.76, 0.38, 0.53, -1.19, -0.32, 0.26
318, 0.76, 0.37, 0.54, -0.55, 0.87, 0.58
319, 0.75, 0.38, 0.54, -0.63, 0.60, 0.08
320, 0.76, 0.38, 0.53, -0.38, 0.46, -0.73
321, 0.76, 0.38, 0.55, -0.38, 0.40, -1.02
322, 0.76, 0.38, 0.54, -0.69, -0.17, -1.44
323, 0.75, 0.38, 0.54, -1.31, -1.22, -0.93
324, 0.77, 0.38, 0.53, -1.27, -1.98, -1.01
325, 0.76, 0.38, 0.53, -1.74, -2.11, -1.16
326, 0.75, 0.39, 0.54, -1.88, -2.34, -1.60
327, 0.75, 0.39, 0.54, -1.63, -1.69, -1.88
328, 0.77, 0.39, 0.53, -1.57, -1.21, -1.04
329, 0.78, 0.38, 0.53, -1.40, -1.47, -0.20
330, 0.78, 0.36, 0.53, -0.76, -1.97, -0.35
331, 0.78, 0.36, 0.53, -0.79, -2.60, -0.61
332, 0.77, 0.37, 0.52, -0.72, -3.24, -1.30
333, 0.77, 0.36, 0.53, -0.98, -3.30, -1.33
334, 0.77, 0.35, 0.54, -0.44, -1.73, -1.34
335, 0.76, 0.36, 0.54, 0.29, -0.21, -2.12
336, 0.76, 0.35, 0.54, 0.23, 1.33, -3.28
337, 0.76, 0.35, 0.54, -0.12, 3.13, -2.79
338, 0.77, 0.36, 0.54, -0.60, 4.37, -2.21
339, 0.77, 0.37, 0.53, -1.10, 3.74, -2.55
340, 0.77, 0.37, 0.54, -0.84, 2.50, -2.84
341, 0.78, 0.38, 0.54, -0.79, 1.28, -2.61
342, 0.78, 0.38, 0.54, -0.79, 0.43, -2.09
343, 0.78, 0.39, 0.53, -1.73, 0.08, -1.44
344, 0.78, 0.39, 0.55, -1.45, 0.02, -1.19
345, 0.77, 0.38, 0.54, -1.42, -0.79, -1.01
346, 0.77, 0.38, 0.54, -1.56, -1.31, -0.20
347, 0.77, 0.38, 0.54, -0.93, -0.41, 0.37
348, 0.77, 0.37, 0.53, -0.78, 0.27, 0.61
349, 0.77, 0.38, 0.53, -1.11, 0.15, 0.46
350, 0.77, 0.38, 0.53, -0.90, 0.06, 0.52
351, 0.77, 0.37, 0.53, 0.02, 0.63, 0.63
352, 0.77, 0.38, 0.54, -0.21, 1.16, 0.81
353, 0.77, 0.37, 0.53, -0.34, 1.45, 0.95
354, 0.76, 0.37, 0.54, -0.56, 0.66, 0.11
355, 0.77, 0.38, 0.54, -1.05, -0.46, -0.66
356, 0.76, 0.37, 0.53, -1.15, -1.21, -1.44
357, 0.76, 0.37, 0.54, -1.34, -0.66, -1.28
358, 0.76, 0.37, 0.53, -1.69, -0.70, -1.71
359, 0.76, 0.37, 0.55, -1.48, -0.31, -1.56
360, 0.76, 0.38, 0.53, -1.31, 0.41, -1.56
361, 0.76, 0.38, 0.53, -0.96, 0.70, -1.88
362, 0.77, 0.38, 0.54, -1.37, 1.83, -0.49
363, 0.77, 0.38, 0.53, -1.36, 1.53, 0.05
364, 0.77, 0.38, 0.53, -1.85, 0.72, -0.21
365, 0.77, 0.38, 0.54, -1.79, 0.67, 0.14
366, 0.77, 0.38, 0.54, -1.74, 0.53, 0.18
367, 0.77, 0.38, 0.54, -1.59, 0.79, -0.18
368, 0.77, 0.38, 0.54, -1.36, 0.61, -0.17
369, 0.76, 0.38, 0.54, -1.05, 0.93, 0.12
370, 0.76, 0.38, 0.55, -1.28, 1.56, 0.60
371, 0.76, 0.38, 0.54, -1.66, 0.98, 0.17
372, 0.77, 0.38, 0.54, -1.51, 0.69, 0.21
373, 0.77, 0.38, 0.53, -1.08, -0.03, 0.02
374, 0.76, 0.38, 0.54, -1.13, -0.43, -0.09
375, 0.77, 0.38, 0.54, -0.85, 0.60, 0.92
376, 0.77, 0.37, 0.53, -0.92, 0.82, 1.25
377, 0.77, 0.38, 0.54, -1.18, 1.18, 0.52
378, 0.77, 0.38, 0.54, -1.21, 1.05, -0.08
379, 0.77, 0.38, 0.54, -1.63, 0.72, 0.70
380, 0.76, 0.37, 0.53, -1.62, -0.26, 0.24
381, 0.77, 0.37, 0.54, -1.54, -0.67, 0.00
382, 0.76, 0.39, 0.53, -1.21, -0.84, -0.73
383, 0.77, 0.37, 0.54, -1.60, -0.14, -0.47
384, 0.77, 0.37, 0.53, -1.21, 0.49, -0.63
385, 0.77, 0.37, 0.54, -1.76, 0.53, -0.29
386, 0.78, 0.37, 0.53, -1.36, -0.09, -0.37
387, 0.77, 0.37, 0.53, -1.53, 0.06, -0.32
388, 0.77, 0.37, 0.53, -1.48, -0.40, -0.46
389, 0.76, 0.38, 0.53, -1.19, -1.15, -0.84
390, 0.76, 0.37, 0.53, -0.81, -0.53, -1.37
391, 0.76, 0.38, 0.55, -0.99, 0.09, -1.45
392, 0.76, 0.37, 0.53, -1.34, -0.20, -1.11
393, 0.76, 0.37, 0.54, -1.31, 0.34, -1.15
394, 0.77, 0.37, 0.53, -1.24, 0.47, -1.45
395, 0.76, 0.37, 0.54, -1.54, -0.20, -1.92
396, 0.76, 0.38, 0.54, -1.39, -0.52, -2.15
397, 0.76, 0.38, 0.53, -1.34, -0.06, -1.54
398, 0.77, 0.38, 0.53, -0.72, -0.03, -1.18
399, 0.77, 0.38, 0.54, -0.72, -0.81, -1.37